main map

000 000 000 000 000 000 000 000 000 000 000 000 000 000 000 000 000 000 000 000 000 000 000 000 000 000 000 000 000 000 000 000 000 000 000 000 000 000 000 000 000 000 000 000 000 000 000 000 000 000 000 000 000 000 000 000 000 000 000 000 000 000 000 000 001 002 000 000 000 003 004 005 006 007 007 006 005 004 008 000 000 000 000 000 000 000 000 000 000 000 000 000 000 000 000 000 000 000 000 000 000 000 000 000 000 000 000 000 000 000 000 000 000 000 000 000 000 000 000 000 000 000 000 000 000 000 000 000 0
000 000 000 000 000 000 000 000 000 000 000 000 000 000 000 000 000 000 000 000 000 000 000 000 000 000 000 000 000 000 000 000 000 000 000 000 000 000 000 000 000 000 000 000 000 000 000 000 000 000 000 000 000 000 000 000 000 000 000 000 000 000 000 000 005 004 003 000 009 004 005 006 007 007 006 005 004 008 000 000 000 000 000 000 000 000 000 000 000 000 000 000 000 000 000 000 000 000 000 000 000 000 000 000 000 000 000 000 000 000 000 000 000 000 000 000 000 000 000 000 000 000 000 000 000 000 000 000 0
000 000 000 000 000 000 000 000 000 000 000 000 000 000 000 000 000 000 000 000 000 000 000 000 000 000 000 000 000 000 000 000 000 000 000 000 000 000 000 000 000 000 000 000 000 000 000 000 000 000 000 000 000 000 000 000 000 000 000 000 000 000 000 000 00A 00B 00C 00C 00B 00A 00D 007 007 006 005 00E 00F 000 000 000 000 000 000 000 000 000 000 000 000 000 000 000 000 000 000 000 000 000 000 010 000 000 000 000 000 000 000 000 000 000 000 000 000 000 000 000 000 000 000 000 000 000 000 000 000 000 000 000 0
000 000 000 000 000 000 000 000 000 000 000 000 000 000 000 000 000 000 000 000 000 000 000 000 000 000 000 000 000 000 000 000 000 000 000 000 000 000 000 000 000 000 000 000 000 000 000 000 000 000 000 000 000 000 000 000 000 000 000 000 000 000 000 000 011 012 013 013 012 011 014 006 005 004 008 000 000 000 000 000 000 000 000 000 000 000 000 000 000 000 000 000 000 000 000 000 000 000 010 000 000 000 000 000 000 000 000 000 000 000 000 000 000 000 000 000 000 000 000 000 000 000 000 000 000 000 000 000 0
000 000 000 000 000 000 000 000 000 000 000 000 000 000 000 000 000 000 000 000 000 000 000 000 000 000 000 000 000 000 000 000 000 000 000 000 000 000 000 000 000 000 000 000 000 000 000 000 000 000 000 000 000 000 000 000 000 000 000 000 000 000 000 000 015 016 017 017 016 015 018 019 01A 01B 000 000 01C 000 000 000 000 000 000 000 01D 001 001 002 000 000 000 000 000 000 000 000 000 000 000 010 000 000 000 000 000 000 000 000 000 000 000 000 000 000 000 000 000 000 000 000 000 000 000 000 000 000 000 000 0
000 000 000 000 000 000 000 000 000 000 000 000 000 000 000 000 000 000 000 000 000 000 000 000 000 000 000 000 000 000 000 000 000 000 000 000 000 000 000 000 000 000 000 000 000 000 000 000 000 000 000 000 000 000 000 000 000 009 004 005 006 007 007 01E 01F 020 021 021 020 01F 01E 005 004 022 023 000 01C 000 024 010 000 000 000 000 025 01A 005 004 003 000 000 000 000 000 000 000 000 000 010 000 000 000 000 000 000 000 000 000 000 000 000 000 000 000 000 000 000 000 000 000 000 000 000 000 000 000 000 000 0
000 000 000 000 000 000 000 000 000 000 000 000 000 000 000 000 000 000 000 000 000 000 000 000 000 000 000 000 000 000 000 000 000 000 000 000 000 000 000 000 000 000 000 000 000 000 000 000 000 000 000 000 000 000 000 000 000 022 004 005 006 006 005 014 026 027 028 028 027 026 014 005 004 022 029 02A 02B 02C 02D 000 000 000 000 003 004 005 007 006 005 02E 002 000 000 000 000 000 000 000 000 010 000 000 000 000 000 000 000 000 000 000 000 000 000 000 000 000 000 000 000 000 000 000 000 000 000 000 000 000 0
000 000 000 000 000 000 000 000 000 000 000 000 000 000 000 000 000 000 000 000 000 000 000 000 000 000 000 000 000 000 000 000 000 000 000 000 000 000 000 000 000 000 000 000 000 000 000 000 000 000 000 000 000 000 000 000 002 02F 005 006 007 007 006 014 011 012 013 013 012 011 014 005 004 030 000 000 01C 000 000 010 000 002 02E 005 006 007 031 007 006 005 004 003 000 000 000 000 000 000 010 000 000 000 000 000 000 000 000 000 000 000 000 000 000 000 000 000 000 000 000 000 000 000 000 000 000 000 000 000 0
000 000 000 000 000 000 000 000 000 000 000 000 000 000 000 000 000 000 000 000 000 000 000 000 000 000 000 000 000 000 000 000 000 000 000 000 000 000 000 000 000 000 000 000 000 000 000 000 000 000 000 000 000 000 01D 02E 005 006 007 031 007 006 005 018 015 016 017 017 016 015 018 004 01B 000 023 000 01C 000 024 000 009 004 005 006 007 031 032 032 007 006 005 004 009 000 000 000 000 000 000 000 000 000 000 000 000 000 000 000 000 000 000 000 000 000 000 000 000 000 000 000 000 000 000 000 000 000 000 000 0
00A 00D 000 000 000 000 000 000 000 000 000 000 000 000 000 000 000 000 000 000 000 000 000 000 000 000 000 000 000 000 000 000 000 000 000 000 000 000 000 000 000 000 000 000 000 000 000 000 000 000 000 000 000 000 025 01A 019 033 007 006 005 004 008 01E 01F 020 021 021 020 01F 01E 004 022 000 029 02A 02B 02C 02D 010 025 004 005 006 006 005 00E 034 00E 004 005 006 025 000 000 000 000 000 00D 00A 00A 00D 000 000 000 000 000 000 000 000 000 000 000 000 000 000 000 000 000 000 000 000 000 000 000 000 00D 00A 0
011 014 000 000 000 000 000 000 000 000 000 000 000 000 000 000 000 000 000 000 000 000 000 000 000 000 000 000 000 000 000 000 000 000 000 000 000 000 000 000 000 000 000 000 000 000 000 000 000 000 000 000 000 003 004 005 006 035 033 019 01A 01B 000 014 026 027 028 028 027 026 014 036 025 000 000 000 01C 000 000 003 004 005 006 019 01A 01B 000 000 000 00F 037 004 004 003 01D 000 038 038 014 011 011 014 000 000 000 000 000 000 000 000 000 000 000 000 000 000 000 000 000 000 000 000 000 000 000 000 014 011 0
015 018 000 000 000 000 000 000 000 000 000 000 000 000 000 000 000 000 000 000 000 000 000 000 000 000 000 000 000 000 000 000 000 000 000 000 000 000 000 000 000 000 000 000 000 000 000 000 000 000 000 002 02E 005 006 007 031 007 006 005 004 022 000 039 03A 03B 03C 039 03A 03B 03C 039 03A 03B 03C 000 01C 000 009 004 005 006 006 005 004 022 000 000 000 000 030 004 005 004 038 038 03D 03D 018 015 015 018 000 000 000 000 000 000 000 000 000 000 000 000 000 000 000 000 000 000 000 000 000 000 000 000 018 015 0
01F 01E 000 000 000 000 000 000 000 000 000 000 000 000 000 000 000 000 000 000 000 000 000 000 000 000 000 000 000 000 000 000 000 000 000 000 000 000 000 000 000 000 000 000 000 000 000 000 000 000 009 004 005 006 007 031 031 007 006 005 004 022 000 03E 03F 040 041 03E 03F 040 041 042 043 044 045 000 01C 000 022 004 005 006 033 019 01A 025 000 000 000 000 000 00F 038 038 03D 03D 000 000 01E 01F 01F 01E 000 000 000 000 000 000 000 000 000 000 000 000 000 000 000 000 000 000 000 000 000 000 000 000 01E 01F 0
011 014 000 000 000 000 000 000 000 000 000 000 000 000 000 000 000 000 000 000 000 000 000 000 000 000 000 000 000 000 000 000 000 000 000 000 000 000 000 000 000 000 000 000 000 000 000 000 000 000 022 004 005 006 007 031 007 006 005 004 01B 000 000 046 047 048 049 046 047 048 049 04A 04B 04C 04D 000 01C 000 025 004 005 00E 04E 00E 004 004 003 000 000 000 038 038 03D 03D 000 000 000 000 014 026 026 014 000 000 000 000 000 000 000 000 000 000 000 000 000 000 000 000 000 000 000 000 000 000 000 000 014 011 0
015 018 000 000 000 000 000 000 000 000 000 000 000 000 000 000 000 000 000 000 000 000 000 000 000 000 000 000 000 000 000 000 000 000 000 000 000 000 000 000 000 000 000 000 000 000 000 000 000 000 025 01A 019 033 035 031 007 006 005 004 030 000 000 04A 04B 04C 04D 04A 04B 04C 04D 000 000 000 000 000 01C 003 004 004 008 000 000 000 008 004 004 003 038 038 03D 03D 000 000 000 000 000 000 014 011 011 014 000 000 000 000 000 000 000 000 000 000 000 000 000 000 000 000 000 000 000 000 000 000 000 000 018 015 0
01F 01E 000 000 000 000 000 000 000 000 000 000 000 000 000 000 000 000 000 000 000 000 000 000 000 000 000 000 000 000 000 000 000 000 000 000 000 000 000 000 000 000 000 000 000 000 000 000 000 003 004 005 006 007 031 031 007 006 005 004 030 000 000 000 000 000 000 000 000 000 000 000 000 000 000 000 01C 004 00E 00F 000 000 000 000 000 00F 038 038 03D 03D 000 000 000 000 000 000 000 000 018 015 015 018 000 000 000 000 000 000 000 000 000 000 000 000 000 000 000 000 000 000 000 000 000 000 000 000 01E 01F 0
03B 03C 000 000 000 000 000 000 000 000 000 000 000 000 000 000 000 000 000 000 000 000 000 000 000 000 000 000 000 000 000 000 000 000 000 000 000 000 000 000 000 000 000 000 000 000 00D 00A 00A 00D 004 005 006 04F 050 007 006 005 004 01B 000 051 000 01C 000 010 000 000 000 000 000 000 000 000 000 009 01C 01B 052 000 039 03A 03A 03A 03B 03C 03D 03D 000 000 000 000 000 000 000 000 000 000 039 03A 03B 03C 039 03A 03A 03B 03C 039 03A 03A 03B 03C 039 03A 03A 03B 03C 039 03A 03A 03B 03C 039 03A 03B 03C 039 03A 0
040 041 000 000 000 000 000 000 000 000 000 000 000 000 000 000 000 000 000 000 000 000 000 000 000 000 000 000 000 000 000 000 000 000 000 000 000 000 000 000 000 000 000 000 000 000 014 011 011 014 004 005 006 053 054 007 006 005 004 022 000 023 000 01C 000 024 000 000 000 000 000 000 000 000 000 025 01C 022 051 000 042 043 043 043 044 045 000 000 000 000 000 000 000 000 000 000 000 000 042 043 044 045 042 043 043 044 045 03E 03F 03F 040 041 03E 03F 03F 040 041 03E 03F 03F 040 041 03E 03F 040 041 03E 03F 0
048 049 000 000 000 000 000 000 000 000 000 000 000 000 000 000 000 000 000 000 000 000 000 000 000 000 000 000 000 000 000 000 000 000 000 000 000 000 000 000 000 000 000 000 000 000 018 015 015 018 005 006 007 031 031 007 006 005 004 030 000 029 02A 02B 02C 02D 000 000 000 000 000 000 000 01D 02E 005 01A 025 000 000 04A 055 055 055 056 04D 000 000 000 000 000 000 000 000 000 000 000 000 04A 04B 04C 04D 04A 04B 04B 04C 04D 046 047 047 048 049 046 047 047 048 049 046 047 047 048 049 046 047 048 049 046 047 0
04C 04D 000 000 000 000 000 000 000 000 000 000 000 000 000 000 000 000 000 000 000 000 000 000 000 000 000 000 000 000 000 000 000 000 000 000 000 000 000 000 000 000 000 000 000 000 01E 01F 01F 01E 019 033 035 057 035 033 019 01A 01B 000 000 000 000 01C 000 000 000 000 000 000 000 000 000 025 01A 019 005 004 003 000 000 000 000 000 000 000 01C 002 001 002 01C 000 000 000 000 000 000 000 000 000 000 000 000 000 000 000 000 04A 04B 04B 04C 04D 04A 04B 04B 04C 04D 04A 04B 04B 04C 04D 04A 04B 04C 04D 04A 04B 0
000 000 000 000 000 000 000 000 000 000 000 000 000 000 000 000 000 000 000 000 000 000 000 000 000 000 000 000 000 000 000 000 000 000 000 000 000 000 000 000 000 000 000 000 000 000 014 026 026 014 006 007 031 031 007 006 005 004 022 000 000 000 000 01C 000 000 039 03A 03A 03A 03B 058 009 004 005 006 006 005 004 009 000 000 000 000 000 002 01C 005 005 004 01C 000 000 000 01C 000 000 000 000 000 051 000 000 000 000 002 02E 002 000 000 00D 00A 00B 00C 00C 00B 00A 00D 000 000 000 000 000 000 000 000 000 000 0
000 000 000 000 000 000 000 000 000 000 000 000 000 000 000 000 000 000 000 000 000 000 000 000 000 000 000 000 000 000 000 000 000 000 000 000 000 000 000 000 000 000 000 000 000 000 059 05A 05A 059 006 007 031 032 007 006 005 004 025 000 000 000 000 01C 000 000 03E 03F 03F 03F 040 041 039 03A 03A 03A 03B 03C 004 022 000 000 000 000 009 004 01C 006 006 005 01C 009 000 000 01C 000 000 000 01C 000 000 000 000 01D 02E 005 006 005 003 000 014 011 012 013 013 012 011 014 000 000 000 000 000 000 000 000 000 000 0
000 000 000 000 000 000 000 000 000 000 000 000 000 000 000 000 000 000 000 000 000 000 000 000 000 000 000 000 000 000 000 000 000 000 000 000 000 000 000 000 000 000 000 000 000 000 039 03A 03B 03C 039 03A 03A 03B 03C 039 03A 03A 03B 03C 000 000 000 01C 000 000 046 047 047 047 048 049 03E 03F 03F 03F 040 041 039 03A 03A 03A 03B 03C 022 004 01C 006 007 019 01C 02F 002 000 01C 000 000 000 01C 000 000 000 01C 025 01A 019 006 005 004 009 05B 05C 016 017 017 016 015 018 000 000 000 000 000 000 000 000 000 000 0
000 000 000 000 000 000 000 000 000 000 000 000 000 000 000 000 000 000 000 000 000 000 000 000 000 000 000 000 000 000 000 000 000 000 000 000 000 000 000 000 000 000 000 000 000 000 03E 03F 040 041 03E 03F 03F 040 041 042 043 043 044 045 000 023 000 01C 000 024 04A 04B 04B 04B 04C 04D 046 047 047 047 048 049 042 043 043 043 044 045 025 01A 01C 033 035 006 01C 005 004 009 01C 000 000 000 01C 000 000 002 01C 005 006 007 007 006 005 02F 05D 05E 020 021 021 020 01F 01E 000 000 000 000 000 000 000 000 000 000 0
000 000 000 000 000 000 000 000 000 000 000 000 000 000 000 000 000 000 000 000 000 000 000 000 000 000 000 000 000 000 000 000 000 000 000 000 000 000 000 000 000 000 002 001 002 000 046 047 048 049 046 047 047 048 049 04A 04B 04B 04C 04D 000 029 02A 02B 02C 02D 000 000 000 000 000 000 04A 04B 04B 04B 04C 04D 04A 04B 04B 04B 04C 04D 004 005 006 007 031 007 006 005 004 022 01C 000 000 000 01C 000 003 004 01C 006 007 031 031 007 006 005 05F 060 027 028 028 027 026 014 000 000 000 000 000 000 000 000 000 000 0
000 000 000 000 000 000 000 000 000 000 000 000 000 000 000 000 000 000 000 000 000 000 000 000 000 000 000 000 000 000 000 000 000 000 000 000 000 000 000 000 000 009 004 005 004 009 04A 04B 04D 04D 04A 04B 04B 04C 04D 000 000 000 000 000 000 000 000 01C 000 000 000 000 002 001 002 000 000 000 000 000 000 000 000 002 001 061 02E 004 005 006 01C 034 00E 005 01C 019 01A 025 000 000 000 000 01C 003 004 005 01C 005 004 037 00F 00F 00E 005 062 063 064 065 065 064 05A 059 000 000 000 000 000 000 000 000 000 000 0
000 000 000 000 000 000 000 000 000 000 000 000 000 000 000 000 000 000 000 000 000 000 000 000 000 000 000 000 000 000 000 000 000 000 000 000 000 000 000 000 000 022 004 005 004 022 000 000 000 000 000 000 000 000 000 000 000 000 000 000 000 000 000 01C 000 000 000 009 004 005 004 02E 002 000 000 000 066 000 009 004 005 006 006 005 004 008 000 000 000 008 004 005 005 004 01C 000 000 000 009 004 005 006 006 005 004 008 000 038 039 03A 03B 03C 039 03A 03A 03B 03C 039 03A 03A 03B 03C 000 000 000 000 000 000 0
000 000 000 000 000 000 000 000 000 000 000 000 000 000 000 000 000 000 000 000 000 000 000 000 000 000 000 000 000 000 000 000 000 000 000 000 000 000 000 000 000 025 004 005 004 030 000 000 000 000 000 01D 01D 000 000 000 000 000 000 000 000 000 000 01C 052 000 000 022 004 005 006 005 004 003 000 000 000 000 022 004 005 006 005 004 008 000 000 000 000 000 00F 00E 005 01A 025 066 000 000 025 01A 019 006 005 004 008 000 038 03D 03E 03F 040 041 042 043 043 044 045 03E 03F 03F 040 041 000 000 000 000 000 000 0
000 000 000 000 000 000 000 000 000 000 000 000 000 000 000 000 000 000 000 000 000 000 000 000 000 000 000 000 000 000 000 000 000 000 000 000 000 000 000 000 003 004 005 004 008 000 000 000 000 000 000 022 022 000 000 000 000 000 000 01C 000 000 000 01C 066 000 000 025 01A 019 033 006 005 004 009 000 000 000 025 004 037 04E 034 00F 000 000 000 000 000 000 000 000 01B 036 004 009 000 009 004 005 067 019 01A 01B 000 038 03D 000 046 047 048 049 04A 04B 04B 04C 04D 046 047 047 048 049 000 000 000 000 000 000 0
000 000 000 000 000 000 000 000 000 000 000 000 000 000 000 000 000 000 000 000 000 000 000 000 000 000 000 000 000 000 000 000 000 000 000 000 000 000 000 009 004 005 004 01B 000 000 000 000 000 000 000 022 025 000 000 000 000 000 000 01C 000 000 000 01C 000 000 003 004 005 00E 034 037 01A 004 022 000 000 003 004 004 030 000 000 000 039 03A 03A 03B 03C 039 03A 03A 03B 03C 068 022 000 022 004 005 006 005 004 022 038 03D 000 000 04A 04B 04C 04D 000 000 000 000 000 04A 04B 04B 04C 04D 000 000 000 000 000 000 0
000 000 000 000 000 000 000 000 000 000 000 000 000 000 000 000 000 000 000 000 000 000 000 000 000 000 000 000 000 000 000 000 000 000 000 000 000 000 000 022 004 005 004 022 000 000 000 000 000 000 000 030 004 003 000 01C 000 000 000 01C 000 000 000 000 000 009 004 01A 01B 000 000 022 004 01A 025 000 039 03A 03B 03C 039 03A 03B 03C 042 043 043 044 045 042 043 043 044 045 039 03A 03B 03C 039 03A 03A 03B 03C 039 03A 03A 03B 03C 000 000 000 000 000 000 000 000 000 000 000 000 000 000 000 000 000 000 000 000 0
000 000 000 000 000 000 000 000 000 000 000 000 000 000 000 000 000 000 000 000 000 000 000 000 000 000 000 000 000 000 000 000 000 000 000 000 000 000 000 025 004 005 005 025 000 000 000 000 000 000 000 000 00F 00E 003 01C 000 000 000 01C 000 052 000 000 000 022 004 004 022 000 039 03A 03A 03A 03B 03C 03E 03F 040 041 03E 03F 040 041 04A 04B 04B 04C 04D 04A 04B 04B 04C 04D 03E 03F 040 041 03E 03F 03F 040 041 03E 03F 03F 040 041 000 000 000 000 000 000 000 000 000 000 000 000 000 000 000 000 000 000 000 000 0
00A 00D 000 069 01A 019 033 035 057 035 057 031 032 031 007 006 005 004 003 000 000 008 004 005 006 005 004 003 000 000 000 000 000 000 000 000 000 000 025 01A 019 006 005 004 003 000 000 000 000 023 000 01C 000 024 01B 01C 000 000 000 01C 000 000 000 000 00D 00A 00B 00B 00A 00D 042 043 043 043 044 045 046 047 048 049 046 047 048 049 000 000 000 000 000 000 000 000 000 000 046 047 048 049 046 047 047 048 049 046 047 047 048 049 000 000 000 000 000 000 000 000 000 000 000 000 000 000 00D 00A 00B 00C 00C 00B 0
011 014 000 01B 01A 019 033 035 057 035 057 032 031 032 031 007 006 005 004 009 000 000 00F 034 00E 005 006 005 02E 002 000 000 000 000 000 000 000 003 004 005 006 007 006 005 004 009 000 000 000 029 02A 02B 02C 02D 022 01C 009 023 000 01C 000 024 000 000 014 011 012 012 011 014 04A 04B 04B 04B 04C 04D 04A 04B 04C 04D 04A 04B 04C 04D 000 000 000 000 000 000 000 000 000 000 04A 04B 04C 04D 04A 04B 04B 04C 04D 04A 000 000 000 000 000 000 000 000 000 000 000 000 000 000 000 000 000 000 014 011 012 013 013 012 0
015 018 000 030 004 005 006 007 031 032 031 032 031 032 057 035 033 019 01A 025 000 000 000 000 000 01B 01A 019 005 004 009 000 000 000 000 000 009 004 005 006 007 007 006 005 004 022 000 000 000 000 000 01C 000 000 030 01C 022 029 02A 02B 02C 02D 000 000 018 015 016 016 015 018 000 000 000 000 000 000 000 000 000 000 000 000 000 000 000 000 000 000 000 000 000 000 000 000 000 000 000 000 000 000 000 000 000 000 000 000 000 000 000 000 000 000 000 000 000 000 000 000 000 000 000 000 018 015 016 017 017 016 0
01F 01E 000 000 01B 01A 019 033 06A 06B 06C 06D 06E 06F 070 071 007 006 005 004 009 000 000 000 000 022 004 005 005 004 022 000 000 000 000 000 025 01A 019 033 010 007 006 005 004 030 000 000 000 023 000 01C 000 024 000 01C 025 000 000 01C 000 000 000 000 01E 01F 020 020 01F 01E 000 000 000 000 000 000 000 000 000 000 000 000 000 000 000 000 000 000 000 000 000 000 000 000 000 000 000 000 000 000 000 000 000 000 000 000 000 000 000 000 000 000 000 000 000 000 000 000 000 000 000 000 01E 01F 020 021 021 020 0
026 014 000 000 022 004 005 006 072 073 074 075 076 077 078 079 007 006 005 004 022 000 000 000 000 030 004 005 019 01A 025 000 000 000 000 003 004 005 005 00E 034 037 01A 01A 01B 000 000 000 000 029 02A 02B 02C 02D 000 000 008 022 000 000 000 000 000 000 014 026 027 027 026 014 000 000 000 000 000 000 000 000 000 000 000 000 000 000 000 000 000 000 000 000 000 000 000 000 000 000 000 000 000 000 000 000 000 000 000 000 000 000 000 000 000 000 000 000 000 000 000 000 000 000 000 000 014 026 027 028 028 027 0
011 014 000 000 022 004 005 006 07A 07B 07C 07D 07E 07F 035 057 035 033 019 01A 025 000 000 010 000 000 008 004 005 005 004 009 000 000 009 004 005 004 008 000 000 022 004 004 022 000 000 000 010 000 000 01C 000 000 010 000 000 008 022 000 000 000 000 000 059 05A 064 064 05A 059 000 000 000 000 000 000 000 000 000 000 000 000 000 000 000 000 000 000 000 000 000 000 000 000 000 000 000 000 000 000 000 000 000 000 000 000 000 000 000 000 000 000 000 000 000 000 000 000 000 000 000 000 014 011 012 013 013 012 0
015 018 000 000 025 01A 019 010 080 081 082 083 084 085 035 057 035 033 019 01A 069 000 000 000 000 000 000 01B 01A 005 004 022 000 000 022 004 01A 025 000 000 000 025 01A 004 030 000 000 000 000 000 000 000 000 000 000 000 000 086 039 03A 03B 03C 039 03A 03B 03C 039 03A 03B 03C 000 000 000 000 000 000 000 000 000 000 000 000 000 000 000 000 000 000 000 000 000 000 000 000 000 000 000 000 000 000 000 000 000 000 000 000 000 000 000 000 000 000 000 000 000 000 000 000 000 000 000 000 018 015 016 017 017 016 0
01F 01E 000 000 069 01A 019 033 035 057 035 057 031 032 031 032 031 007 006 005 004 009 000 000 000 000 000 022 004 005 004 030 000 000 030 004 004 030 000 000 039 03A 03B 03C 039 03A 03B 03C 000 000 000 000 000 000 000 000 000 000 042 043 044 045 03E 03F 040 041 03E 03F 040 041 000 000 000 000 000 000 000 000 000 000 000 000 000 000 000 000 000 000 000 000 000 000 000 000 000 000 000 000 000 000 000 000 000 000 000 000 000 000 000 000 000 000 000 000 000 000 000 000 000 000 000 000 01E 01F 020 021 021 020 0
026 014 000 000 01B 01A 019 033 035 057 035 057 031 032 031 032 031 007 006 005 004 022 000 000 000 000 000 025 01A 004 008 000 039 03A 03B 03C 039 03A 03B 03C 042 043 044 045 042 043 044 045 000 000 000 000 000 000 000 000 000 000 04A 04B 04C 04D 046 047 048 049 046 047 048 049 000 000 000 000 000 000 000 000 000 000 000 000 000 000 000 000 000 000 000 000 000 000 000 000 000 000 000 000 000 000 000 000 000 000 000 000 000 000 000 000 000 000 000 000 000 000 000 000 000 000 000 000 014 026 027 028 028 027 0
05A 059 000 000 030 004 005 006 007 031 032 031 039 03A 03B 03C 039 03A 03B 03C 039 03A 03B 03C 039 03A 03B 03C 039 03A 03B 03C 03E 03F 040 041 042 043 044 045 04A 04B 04C 04D 04A 000 000 000 000 000 000 000 000 000 000 000 000 000 000 000 000 000 000 000 04C 04D 04A 04B 04C 04D 000 000 000 000 000 000 000 000 000 000 000 000 000 000 000 000 000 000 000 000 000 000 000 000 000 000 000 000 000 000 000 000 000 000 000 000 000 000 000 000 000 000 000 000 000 000 000 000 000 000 000 000 059 05A 064 065 065 064 0
039 03A 03B 03C 039 03A 03B 03C 039 03A 03B 03C 042 043 044 045 03E 03F 040 041 03E 03F 040 041 03E 03F 040 041 03E 03F 040 041 046 047 048 049 04A 04B 04C 04D 000 000 000 000 000 000 000 000 000 000 000 000 000 000 000 000 000 000 000 000 000 000 000 000 000 000 000 000 000 000 000 000 000 000 000 000 000 000 000 000 000 000 000 000 000 000 000 000 000 000 000 000 000 000 000 000 000 000 000 000 000 000 000 000 000 000 000 000 000 000 000 000 000 000 000 000 000 000 000 000 000 000 039 03A 03A 03A 03B 03C 0
042 043 044 045 03E 03F 040 041 03E 03F 040 041 04A 04B 04C 04D 046 047 048 049 046 047 048 049 046 047 048 049 046 047 048 049 04A 04B 04C 04D 000 000 000 000 000 000 000 000 000 000 000 000 000 000 000 000 000 000 000 000 000 000 000 000 000 000 000 000 000 000 000 000 000 000 000 000 000 000 000 000 000 000 000 000 000 000 000 000 000 000 000 000 000 000 000 000 000 000 000 000 000 000 000 000 000 000 000 000 000 000 000 000 000 000 000 000 000 000 000 000 000 000 000 000 000 000 042 043 043 043 044 045 0
04A 04B 04C 04D 046 047 048 049 046 047 048 049 000 000 000 000 04A 04B 04C 04D 04A 04B 04C 04D 04A 04B 04C 04D 04A 04B 04C 04D 000 000 000 000 000 000 000 000 000 000 000 000 000 000 000 000 000 000 000 000 000 000 000 000 000 000 000 000 000 000 000 000 000 000 000 000 000 000 000 000 000 000 000 000 000 000 000 000 000 000 000 000 000 000 000 000 000 000 000 000 000 000 000 000 000 000 000 000 000 000 000 000 000 000 000 000 000 000 000 000 000 000 000 000 000 000 000 000 000 000 04A 04B 04B 04B 04C 04D 0
000 000 000 000 04A 04B 04C 04D 04A 04B 04C 04D 000 000 000 000 000 000 000 000 000 000 000 000 000 000 000 000 000 000 000 000 000 000 000 000 000 000 000 000 000 000 000 000 000 000 000 000 000 000 000 000 000 000 000 000 000 000 000 000 000 000 000 000 000 000 000 000 000 000 000 000 000 000 000 000 000 000 000 000 000 000 000 000 000 000 000 000 000 000 000 000 000 000 000 000 000 000 000 000 000 000 000 000 000 000 000 000 000 000 000 000 000 000 000 000 000 000 000 000 000 000 000 000 000 000 000 000 0
000 000 000 000 000 000 000 000 000 000 000 000 000 000 000 000 000 000 000 000 000 000 000 000 000 000 000 000 000 000 000 000 000 000 000 000 000 000 000 000 000 000 000 000 000 000 000 000 000 000 000 000 000 000 000 000 000 000 000 000 000 000 000 000 000 000 000 000 000 000 000 000 000 000 000 000 000 000 000 000 000 000 000 000 000 000 000 000 000 000 000 000 000 000 000 000 000 000 000 000 000 000 000 000 000 000 000 000 000 000 000 000 000 000 000 000 000 000 000 000 000 000 000 000 000 000 000 000 0
000 000 000 000 000 000 000 000 000 000 000 000 000 000 000 000 000 000 000 000 000 000 000 000 000 000 000 000 000 000 000 000 000 000 000 000 000 000 000 000 000 000 000 000 000 000 000 000 000 000 000 000 000 000 000 000 000 000 000 000 000 000 000 000 000 000 000 000 000 000 000 000 000 000 000 000 000 000 000 000 000 000 000 000 000 000 000 000 000 000 000 000 000 000 000 000 000 000 000 000 000 000 000 000 000 000 000 000 000 000 000 000 000 000 000 000 000 000 000 000 000 000 000 000 000 000 000 000

dungeon

087 088 089 08A 08B 08C 08D 08E 08B 08C 08D 08E 08B 08C 08D 08E 08B 08C 08D 08E 08B 08C 08D 08E 08E 08D 08C 08B 08F 090 091 092 092 091 090 08F 092 091 090 08F 093 094 095 096 08B 08C 08D 08E 092 091 090 08F 092 091 090 08F 08A 08A 08B 08C 08D 08E 08B 08C 0
097 098 099 09A 093 094 095 096 093 094 095 096 093 094 095 096 093 094 095 096 093 094 095 096 096 095 094 093 08E 08D 08C 08B 08B 08C 08D 08E 08B 08C 08D 08E 092 091 090 08F 093 094 095 096 08B 08C 08D 08E 08B 08C 08D 08E 09A 08E 093 094 095 096 093 094 0
09B 09C 09D 09E 092 091 090 08F 092 091 090 08F 092 091 090 08F 092 091 090 08F 092 091 090 08F 08F 090 091 092 09F 0A0 0A1 0A2 0A2 0A1 0A0 09F 0A2 0A1 09D 096 08B 08C 08D 08E 092 091 090 08F 093 094 095 096 093 094 095 096 09E 09E 092 091 090 08F 092 091 0
087 088 089 08A 08B 08C 08D 08E 08B 08C 08D 08E 08B 08C 08D 08E 08B 08C 08D 08E 0A2 08C 08D 08E 08E 08D 08C 0A2 0A3 0A4 0A5 0A6 0A6 0A5 0A4 0A7 0A6 0A4 0A3 09F 0A2 0A1 0A0 09F 09D 08C 08D 08E 092 091 090 08F 092 091 090 08F 08A 08A 08B 08C 08D 08E 08B 08C 0
097 098 099 09A 093 0A1 0A0 09F 0A2 0A1 0A0 09F 0A2 0A1 0A0 09F 0A2 0A1 0A0 09F 098 094 095 096 096 095 094 088 087 0A8 0A9 0A9 0A8 000 000 000 000 0AB 0AC 0A7 0A6 0A5 0A7 0A4 0A3 0A1 0A0 09D 08B 08C 08D 08E 08B 08C 08D 08E 09A 09A 093 094 095 096 093 094 0
09B 09C 09D 09E 092 09E 09D 09C 09C 0A5 0A4 0A7 0A6 0A5 0A4 0A7 0A6 0A5 0A4 0A7 09C 09D 090 08F 08F 090 09D 09C 0AD 0AE 0AF 0AF 0AE 000 0A8 0A9 0A9 0A8 000 0A8 0A8 0A8 0A8 0AB 0AC 0A5 0A4 0A3 0A2 0A1 0A0 09F 0A2 0A1 0A0 09F 0A0 09D 092 091 090 08F 092 091 0
087 088 089 08A 08B 08A 089 088 0B0 0A8 0A9 0A9 0A8 000 0A8 0A8 000 0A8 0A8 000 087 089 09A 093 093 09A 089 087 0AB 0B1 0B2 0B2 0B1 000 0AE 0AF 0AF 0AE 000 0B1 0B1 0AE 0AE 000 0A8 0A8 0AB 0AC 0A6 0A5 0A4 0A7 0A6 0A5 0A4 0B3 088 089 08B 08C 08D 08E 08B 08C 0
097 098 099 09A 093 09A 099 098 097 0AE 0AF 0AF 0AE 000 0AE 0AE 000 0B1 0B1 000 09B 09C 09D 092 092 09D 09C 09B 000 0B4 0B5 0B5 0B4 000 0B1 0B2 0B2 0B1 000 0B4 0B4 0B1 0B1 000 0AE 0AE 0A8 0A8 000 000 000 000 000 000 000 097 098 099 093 094 095 096 093 094 0
09B 09C 09D 09E 092 09E 09D 09C 0B6 0B1 0B2 0B2 0B7 000 0B1 0B1 000 0B4 0B4 000 0AD 0B8 0B9 08B 08B 0B9 0B8 0AD 000 0AE 0AF 0AF 0AE 000 0B4 0B5 0B5 0B4 000 0AE 0AE 0B4 0B4 000 0B1 0B1 0AE 0AE 000 0A8 0A8 000 000 000 000 09B 09C 09D 092 091 090 08F 092 091 0
087 088 089 08A 08B 08A 089 088 0B0 0B4 0B5 0B5 0B4 000 0B4 0B4 000 0AE 0AE 000 0AB 0AD 0A3 0A0 0A0 0A3 0AD 0AB 000 0B1 0B2 0B2 0B1 0BA 0AE 0AF 0AF 0AE 000 0B1 0B1 0AE 0AE 000 0B4 0B4 0B1 0B1 000 0AE 0AE 000 0BB 0BC 0BD 0BE 0BF 0C0 08B 08C 08D 08E 08B 08C 0
097 098 099 09A 093 09A 099 098 097 0AE 0AF 0AF 0AE 000 0AE 0AE 000 0B1 0B1 000 000 0AB 0AC 0A4 0A4 0AC 0AB 000 000 0B4 0B5 0B5 0B4 000 0B1 0B2 0B2 0B1 000 0B4 0B4 0B1 0B1 000 0AE 0AE 0BB 0BC 0BD 0BE 0BF 0C0 0C1 0C2 0BF 0C0 0C0 092 093 094 095 096 093 094 0
09B 09C 09D 09E 092 09E 09D 09C 0B6 0B1 0B2 0B2 0B1 0BA 0B7 0B1 000 0B4 0B4 000 0A8 0A8 000 000 000 000 0A8 0A8 000 0AE 0AF 0AF 0AE 000 0B4 0B5 0B5 0B4 000 0AE 0AE 0B4 0BB 0BC 0BD 0BE 0BF 0C0 0C1 0C2 0C2 0C1 0C0 0BF 08F 090 091 092 092 091 090 08F 092 091 0
087 088 089 08A 08B 08A 089 088 0B0 0B4 0B5 0B5 0B4 000 0B4 0B4 000 0AE 0AE 000 0B1 0B1 000 000 000 000 0AE 0AE 000 0B1 0B2 0B2 0B1 000 0AE 0AF 0AF 0AE 0BB 0BC 0BD 0BE 0BF 0C0 0C1 0C2 0C2 0C1 0C0 0BF 08F 090 091 092 08E 08D 08C 08B 08B 08C 08D 08E 08B 08C 0
097 098 099 09A 093 09A 099 098 097 0AE 0AF 0AF 0AE 000 0AE 0AE 000 0B1 0B1 000 0B4 0B4 000 000 000 000 0B1 0B1 000 0B4 0B5 0B5 0BB 0BC 0BD 0BE 0BF 0C0 0C1 0C2 0C2 0C1 0C0 0BF 0C2 0C2 08F 090 091 092 08E 08D 08C 08B 096 095 094 093 093 094 095 096 093 094 0
09B 09C 09D 09E 092 09E 09D 09C 0B6 0B7 0B2 0B2 0B1 000 0B1 0B7 000 0B4 0B4 000 0AE 0AE 000 000 0BB 0BC 0BD 0BE 0BF 0C0 0C1 0C2 0BF 0C0 0C1 0C2 0C2 0C1 0C0 0BF 08F 090 091 092 08F 08F 08E 08D 08C 08B 096 095 094 093 08F 090 091 092 092 091 090 08F 092 091 0
087 088 089 08A 08B 08A 089 088 0B0 0B4 0B5 0B5 0B4 000 0B4 0B4 0BB 0BC 0BD 0BE 0BF 0C0 0C1 0C2 0BF 0C0 0C1 0C2 0BF 0C0 0C1 0C2 092 091 090 08F 08F 090 091 092 08E 08D 08C 08B 08E 08E 096 095 094 093 08F 090 091 092 08E 090 08C 08B 08B 08C 08D 08E 08B 08C 0
097 098 099 09A 093 0C0 0C1 0C2 0BF 0C0 0C1 0C2 0BF 0C0 0C1 0C2 0BF 0C0 0C1 0C2 0BF 0C0 0C1 0C2 092 091 090 08F 092 091 090 08F 08B 08C 08D 08E 08E 08D 08C 08B 096 095 094 093 096 095 08F 090 091 092 08E 08D 08C 08B 096 095 094 093 093 094 095 096 093 094 0
09B 09C 09D 09E 092 091 090 08F 092 091 090 08F 092 091 090 08F 092 091 090 08F 092 091 090 08F 08B 08C 08D 08E 08B 08C 08D 08E 093 094 095 096 096 095 094 093 08F 090 091 092 08F 090 08E 08D 08C 08B 096 095 094 093 08F 090 091 092 092 091 090 08F 092 091 0
087 088 089 08A 08B 08C 08D 08E 08B 08C 08D 08E 08B 08C 08D 08E 08B 08C 08D 08E 08B 08C 08D 08E 093 094 095 096 093 094 095 096 092 091 090 08F 08F 090 091 092 08E 08D 08C 08B 08E 08E 096 095 094 093 08F 090 091 092 08E 08D 08C 08B 08B 08C 08D 08E 088 087 0
097 098 099 09A 093 094 095 096 093 094 095 096 093 094 095 096 093 094 095 096 093 094 095 096 092 091 090 08F 092 091 090 08F 08B 08C 08D 08E 08E 08D 08C 08B 096 095 094 093 096 095 08F 090 091 092 08E 08D 08C 08B 09F 0A0 0A1 0A2 0A2 0A1 0A0 09F 0A3 0AD 0
09B 09C 09D 09E 092 091 090 08F 092 091 090 08F 092 091 090 08F 092 091 090 08F 092 091 090 08F 08B 08C 08D 08E 08B 08C 08D 08E 093 094 095 096 096 095 094 093 08F 090 091 092 08F 08F 08E 08D 08C 08B 096 095 094 093 0A7 0A4 0A5 0A6 0A6 0A5 0A4 0A7 0AC 0AB 0
0AD 0A3 089 08A 08B 08C 08D 08E 08B 08C 08D 08E 08B 08C 08D 08E 08B 08C 08D 08E 08B 08C 08D 08E 093 094 095 096 093 094 095 096 092 091 090 08F 08F 090 091 092 08E 08D 08C 08B 08E 08E 096 095 000 000 000 000 000 000 000 000 000 000 000 000 000 000 000 000 0
0AB 0AD 0A3 0A0 0A2 0A1 0A0 09F 0A2 0A1 0A0 09F 0A2 0A1 0A0 09F 093 094 095 096 093 094 095 096 092 091 090 08F 092 091 090 08F 08B 08C 08D 08E 08E 08D 08C 08B 096 095 094 093 096 096 08F 090 000 000 000 000 000 000 000 000 000 000 000 000 000 000 000 000 0
000 0AB 0AC 0A7 0A6 0A5 0A4 0A7 0A6 0A5 0A4 0A7 0A6 0A5 0A4 0A7 092 091 090 08F 092 091 090 08F 08B 08C 08D 08E 08B 08C 08D 08E 093 094 095 096 096 095 094 093 08F 090 091 092 08F 08F 08E 08D 000 000 000 000 000 000 000 000 000 000 000 000 000 000 000 000

old man

0C3 0C4 0C5 0C6 0C7 0C8 0C9 0CA 0CA 0C9 0CB 0C7 0C6 0C5 0C4 0C3
0CC 0CD 0CE 0CF 0D0 0D1 0D2 0D3 0D3 0D2 0C8 0D0 0CF 0CE 0CD 0CC
0D4 0D5 0D6 0D7 0D8 0D9 0DA 0DB 0DB 0DA 0DC 0DD 0D7 0D6 0D5 0D4
0DE 0DF 0E0 0E1 0E2 0E3 0C8 0E4 0E5 0D1 0D8 0D9 0E1 0E0 0DF 0DE
0C2 0E7 0E8 0E9 0D1 0C8 0DC 0EA 0EB 0C8 0E2 0E3 0E9 0E8 0E7 0C2
0EC 0ED 0EE 0EF 0F0 0F1 0F2 0F3 0F4 0F5 0F1 0F0 0EF 0EE 0ED 0EC
0F6 0F7 0F8 0F9 0FA 0FB 0FC 0FD 0FE 0C2 0FB 0FA 0F9 0F8 0F7 0F6

poison

000 000 000 0FF 100 000 101 102 102 101 000 100 0FF 000 000 000
000 103 104 105 106 107 108 109 109 108 107 106 105 104 103 000
10A 10B 10C 10D 10E 10F 110 111 111 110 10F 10E 10D 10C 10B 10A
112 113 114 115 116 117 118 119 119 118 117 116 115 114 113 112
000 11A 11B 11C 11D 11E 11F 120 120 11F 11E 11D 11C 11B 11A 000
000 000 121 122 123 124 125 126 126 125 124 123 122 121 000 000
000 000 000 000 000 000 127 000 000 127 000 000 000 000 000 000
